100	{"count": 166.0, "outlinks": [2862, 2902, 783, 551, 784, 588, 734, 748, 727, 296, 122, 138, 730, 1308, 120, 728, 123, 625, 403, 582, 723, 117, 383, 109, 408, 249, 108, 107, 2218, 106, 627, 2421, 413, 319, 414, 104, 368, 418, 367, 103, 102, 98, 97, 192, 402, 624, 434, 93, 2487, 1258, 89, 1167, 437, 88, 2062, 664, 2508, 1166, 217, 443, 444, 447, 76, 669, 221, 1152, 75, 1310, 1219, 1933, 61, 1186, 449, 55, 1815, 1120, 51, 751, 50, 2511, 48, 43, 38, 30, 1110, 1032, 1027, 27, 357, 1747, 353, 345, 237, 26, 546, 22, 326, 21, 2561, 555, 1019, 401, 19, 71403, 12, 5663, 1014, 10, 5662, 1574, 2710, 5661, 5660, 550, 6, 1306, 5, 961, 5659, 4, 2, 5658, 1572, 5640, 28, 5612, 653, 639, 4908, 2729, 4739, 1552, 2265, 331, 340, 954, 917, 235, 597, 2367, 1253, 683, 1181, 2741, 333, 257, 4560, 890, 1361, 1206, 721, 4208, 553, 2744, 879, 812, 2449, 2317, 1324, 794, 782, 611, 3454, 1313, 2933, 1312], "pr": 0.0005267336878880274}
10004	{"count": 1.0, "outlinks": [395], "pr": 0}
10009	{"count": 1.0, "outlinks": [395], "pr": 0}
10013	{"count": 10.0, "outlinks": [6144, 295, 738, 1516, 1440, 125, 1719, 1179, 395, 9504], "pr": 7.897152304355692e-07}
10018	{"count": 1.0, "outlinks": [395], "pr": 0}
1002	{"count": 64.0, "outlinks": [7341, 7484, 7504, 7507, 7608, 8363, 8608, 9397, 9636, 11222, 11695, 11828, 15457, 16677, 16678, 16679, 16680, 965, 35, 320, 565, 439, 862, 7454, 976, 988, 997, 1006, 1011, 1177, 1206, 1274, 1574, 1753, 1975, 2008, 2030, 2065, 2215, 2222, 2227, 2323, 2342, 2379, 2436, 2863, 2864, 3004, 849, 3280, 3350, 3631, 3899, 4524, 4679, 4969, 5055, 5061, 5098, 5386, 5387, 6320, 7251, 7254], "pr": 0.00023136789679902337}
10022	{"count": 8.0, "outlinks": [656, 763, 71388, 18292, 1315, 1396, 1895, 395], "pr": 1.1991800078133559e-06}
10027	{"count": 1.0, "outlinks": [395], "pr": 0}
10031	{"count": 6.0, "outlinks": [997, 725, 5386, 1712, 395, 3550], "pr": 6.875706522271437e-07}
10036	{"count": 4.0, "outlinks": [32932, 47636, 21812, 7843], "pr": 7.405799356954707e-06}
10040	{"count": 6.0, "outlinks": [71388, 634, 396, 2281, 1719, 47638], "pr": 6.415458129396337e-07}
10045	{"count": 20.0, "outlinks": [2710, 2281, 737, 879, 1262, 397, 136, 2027, 34, 1312, 28, 27, 11515, 403, 408, 426, 5811, 4558, 722, 3275], "pr": 1.8157130340541856e-05}
10054	{"count": 1.0, "outlinks": [398], "pr": 0}
10059	{"count": 2.0, "outlinks": [47648, 398], "pr": 0}
10063	{"count": 8.0, "outlinks": [2605, 421, 850, 28787, 3065, 20228, 1574, 398], "pr": 1.8356623326811485e-06}
10068	{"count": 10.0, "outlinks": [1283, 399, 18, 405, 6156, 4359, 1024, 1029, 3219, 552], "pr": 6.406871586139078e-06}
1007	{"count": 34.0, "outlinks": [552, 3106, 1766, 11790, 5417, 2118, 102, 563, 422, 1635, 21, 415, 3114, 401, 1619, 1399, 385, 791, 1014, 863, 2639, 848, 780, 30, 2059, 441, 43, 55, 728, 16739, 27, 83, 1935, 18], "pr": 4.82462587425065e-05}
10072	{"count": 1.0, "outlinks": [399], "pr": 7.822361462226535e-07}
10077	{"count": 4.0, "outlinks": [9508, 399, 10071, 1540], "pr": 1.2676400995517249e-06}
10081	{"count": 4.0, "outlinks": [400, 2051, 3428, 4123], "pr": 4.069742187113514e-06}
10086	{"count": 1.0, "outlinks": [400], "pr": 0}
10090	{"count": 1.0, "outlinks": [401], "pr": 0}
10095	{"count": 1.0, "outlinks": [401], "pr": 0.0}